5156 
6648 
-6112 
6772 
2168 
-6594 
-3630 
768 
7495 
7616 
-5610 
7710 
7490 
-240 
4919 
-5868 
-1282 
6811 
4787 
7528 
2551 
-7607 
5720 
7110 
2928 
4222 
3983 
-1766 
2547 
-5388 
3375 
-7671 
-3655 
-7436 
-6601 
5299 
3192 
-2997 
7376 
-7628 
-1004 
-1941 
4350 
4836 
-5131 
-168 
-892 
2397 
3430 
4172 
-3670 
2944 
2541 
-5528 
-6243 
-27 
7532 
-2616 
1397 
-4526 
4116 
-4013 
97 
3261 
6404 
7525 
773 
-5921 
-5746 
-3973 
5582 
-4026 
5149 
-4203 
7033 
-2458 
-4971 
-4079 
1901 
-438 
-2431 
5420 
1396 
814 
6835 
-3509 
4213 
4157 
-1959 
1111 
-6950 
-7309 
504 
4573 
7110 
-6064 
1127 
-502 
-7997 
-2669 
-5535 
4821 
-3094 
467 
-5479 
1670 
-3884 
2524 
3100 
4065 
-811 
-6819 
-4441 
6772 
-5696 
5338 
628 
8128 
-6912 
-940 
-6445 
7567 
-8117 
4504 
5198 
6040 
-6809 
-1642 
-3935 
4916 
-1124 
6728 
-5213 
-3870 
-5808 
-5963 
6050 
1305 
816 
-5818 
5784 
1999 
-2442 
217 
-1609 
-6948 
-4262 
-6172 
-5179 
-4261 
-1356 
-7379 
6598 
7287 
-150 
-177 
-2659 
6554 
-2143 
-6371 
4591 
-1807 
-4233 
-1575 
-6612 
-6030 
7242 
7473 
1232 
-7213 
-4346 
-2406 
5262 
-7940 
-7488 
-5424 
2443 
3796 
2420 
-805 
770 
-3338 
4009 
-5097 
3060 
-5186 
-2155 
2058 
4591 
-6863 
7035 
4517 
-217 
-1051 
-872 
-3173 
139 
176 
5204 
4830 
2364 
-1989 
5104 
537 
-2446 
7192 
6159 
821 
2006 
1426 
-4789 
-3257 
-477 
-4416 
5641 
-5001 
-4491 
-5396 
-4462 
-1054 
-3095 
6936 
-1144 
-5164 
6633 
7860 
-1002 
-6372 
-3964 
-1496 
1554 
-3896 
1684 
3460 
-4559 
-6269 
-3332 
-2970 
-1243 
128 
-6791 
-3892 
4931 
-7714 
7026 
3773 
-187 
1286 
-4305 
-675 
7587 
766 
346 
-4398 
-182 
2032 
