-2653 
-3376 
4035 
-8023 
-7399 
2751 
1695 
427 
3763 
3395 
4610 
-3474 
3154 
928 
-1696 
-7183 
4590 
-2662 
1767 
3952 
-6475 
-6097 
811 
-243 
6397 
4898 
3839 
-7351 
-6998 
-6742 
4888 
7258 
3009 
-6028 
3649 
-6384 
-6267 
2305 
-2805 
2520 
4081 
1362 
3932 
-4345 
3849 
7710 
6011 
-6780 
-2189 
-2144 
3031 
1604 
4740 
-2169 
-4817 
-6773 
4455 
-4823 
-1831 
848 
-4441 
2325 
-255 
-5705 
4619 
-6544 
-3375 
-4303 
505 
-6693 
-1552 
-6475 
-6353 
4660 
-3415 
1696 
7609 
-1107 
3190 
4228 
-1104 
2547 
-6394 
7106 
-5121 
-3831 
4879 
-204 
4406 
-1704 
-3721 
-7582 
2839 
-1155 
-791 
1799 
-7219 
-3018 
4468 
3218 
-6139 
-6060 
-6679 
-8064 
-1260 
2548 
3652 
511 
-6410 
2158 
-6120 
-5992 
-6577 
-5866 
-5436 
-4977 
-2991 
-3008 
-4628 
-4079 
6437 
3329 
913 
-5171 
-4719 
-6925 
6779 
3386 
946 
-3057 
-5469 
2006 
7994 
-5400 
-3969 
-1691 
-6980 
3016 
-1600 
7910 
-1603 
1977 
-5663 
-1945 
-5552 
4228 
6080 
-2445 
3039 
-3373 
501 
5446 
1597 
-2699 
-3290 
-777 
-1268 
-2301 
955 
3973 
-1240 
-1158 
-6147 
-7792 
-3438 
-2990 
2518 
7486 
7139 
-690 
-4253 
4323 
4248 
3942 
3992 
-6457 
2974 
-602 
-4716 
-6578 
5301 
-5325 
-5513 
2719 
6461 
271 
3321 
-5676 
7429 
669 
2944 
-7593 
5065 
4073 
-6223 
410 
-2854 
761 
-1657 
-1392 
-5231 
-4008 
-7856 
6941 
2518 
7087 
-5514 
6899 
4827 
1268 
-983 
-3972 
4127 
-4446 
-7141 
4379 
2804 
3526 
2327 
-1327 
-1790 
5179 
-2992 
5153 
4736 
5771 
92 
2222 
7387 
-919 
-7209 
6008 
2149 
-2375 
8142 
-4520 
2497 
1720 
-1848 
-5863 
-7781 
-1293 
-5176 
3699 
-2124 
5596 
3837 
1163 
-5295 
7493 
-3845 
6956 
-4526 
-2072 
-6759 
2295 
