-4114 
-397 
-1654 
1629 
4923 
-6471 
5266 
5588 
-2384 
-1146 
1183 
3290 
3972 
4225 
-1817 
-1159 
7476 
1195 
5729 
-3665 
2004 
1447 
7593 
-6785 
8 
353 
-6715 
6630 
6297 
-1000 
4615 
-5760 
1963 
-3922 
-891 
5636 
-4978 
-3214 
-274 
-2658 
4890 
7986 
-5587 
-4311 
3313 
-2041 
7761 
7738 
2354 
5899 
-1608 
2161 
7950 
974 
7103 
3610 
-262 
2277 
6351 
-4936 
-1715 
8063 
-1600 
2602 
6575 
8116 
2509 
-6416 
-7601 
1934 
1100 
7568 
4032 
2662 
381 
-3934 
7569 
658 
-7697 
3216 
323 
-7225 
6390 
-2782 
-4429 
-6326 
-3098 
-4450 
2490 
-7109 
-3680 
-3575 
6227 
-913 
4192 
1692 
4641 
-6326 
7840 
5711 
-7363 
-554 
-2857 
2133 
-4419 
1308 
1690 
1636 
-845 
-7612 
226 
-1512 
-6422 
-658 
-805 
837 
5003 
3290 
6098 
-7337 
-4593 
-662 
7512 
4752 
-789 
-2730 
-7224 
3946 
111 
-4917 
-1193 
-5429 
4123 
-2157 
7238 
-7911 
5391 
2074 
634 
2465 
3713 
-6644 
6186 
-7957 
-3371 
-5245 
6984 
-7075 
1328 
2247 
2478 
5973 
-7276 
5191 
473 
3184 
-4712 
709 
3318 
7478 
-909 
-6793 
-7253 
2120 
4852 
3132 
-2535 
7320 
330 
7435 
-6987 
-4800 
4506 
6786 
4629 
-3350 
-5705 
5700 
4667 
-3755 
-4460 
-2933 
5399 
5278 
1158 
1176 
-3506 
3262 
4853 
-958 
-882 
-563 
-3621 
2873 
6613 
6693 
4050 
-3924 
3107 
-6033 
-6169 
-5065 
-5805 
1393 
-6991 
5280 
3652 
6977 
-121 
2537 
6391 
631 
-3569 
7798 
-7596 
-2847 
7749 
-2212 
-3127 
-6211 
6811 
-5973 
-2751 
6512 
-6 
1888 
1362 
3248 
-7712 
456 
-7667 
5359 
-2622 
5680 
-4161 
1335 
7170 
-7410 
-7308 
-7855 
2973 
1615 
-6324 
4853 
1930 
-7042 
-7057 
-5964 
4733 
-6679 
-4295 
-4201 
-6475 
5871 
3247 
3829 
