============================================================
   RTL vs MATLAB 골든 DCT 오차 분석 (12bit/줄 기준)
============================================================
  전체 불일치 계수 개수: 2 개
  최초 오차 블록: (4,26)

[1] MATLAB 골든
[[  841  2047  -522  -219   213    -6   -68    25    10    -7   -20     2    -1    -9    -2    -2]
 [  448  -274  -299   306   -26  -145    78    33   -61    16     3   -10    -9    10     4    -5]
 [   81  -138    83    51  -139    68    44   -75    16    38   -34    -1     6    -8     3     2]
 [   74   -58    13     4    -9    40   -35    -4    35   -21   -13    23   -13    -9     3   -10]
 [   21   -35    36    -8   -14    24     3     4    -3    -7    14    -8   -18     6    -3    -9]
 [   26   -13    -5    -9     8    -8    -6    15     1    -8     2    -9     0    10   -16     4]
 [   -5    -9    15    -8    -2    -8     6     3   -11     4     5    -3     2     3   -13    10]
 [    6     3    11    -5    11    -7    -7    -3     6     1    -9     2    20     9   -16    12]
 [   14    -8     2     2    -5   -12     7    -1    -7     3     9     1    -2     8    -3     1]
 [    5   -13     0    -3    -2    -1    -5    -4     3     1    -2    -1    -4    -3    -4     2]
 [   -5   -16     5     5     8    -1     3     1    -3    -4    -6    -6   -11    -8    -1    -5]
 [   -5    -7     3    -7     4    -4     5     4     3    13     0   -16     9    -1   -11   -10]
 [    6     1     4    -6     9     5     2    12    -2    -2     8    -4     8    -6   -11    -5]
 [    3    -8    -4    -5    -2    -1    -1     4    -7    -2    13   -11    14    12    -2     0]
 [    7     6    10    -4    -5    -1    -8    -4     4     0     7   -13    16     8   -14   -10]
 [   -1    -2    -2    -7     1     2    -4     5    -1   -14     5     4     1   -10    -5     0]]

[2] 베릴로그 RTL
[[  841  2046  -522  -219   213    -6   -68    25    10    -7   -20     2    -1    -9    -2    -2]
 [  448  -274  -299   306   -26  -145    78    33   -61    16     3   -10    -9    10     4    -5]
 [   81  -138    83    51  -139    68    44   -75    16    38   -34    -1     6    -8     3     2]
 [   74   -58    13     4    -9    40   -35    -4    35   -21   -13    23   -13    -9     3   -10]
 [   21   -35    36    -8   -14    24     3     4    -3    -7    14    -8   -18     6    -3    -9]
 [   26   -13    -5    -9     8    -8    -6    15     1    -8     2    -9     0    10   -16     4]
 [   -5    -9    15    -8    -2    -8     6     3   -11     4     5    -3     2     3   -13    10]
 [    6     3    11    -5    11    -7    -7    -3     6     1    -9     2    20     9   -16    12]
 [   14    -8     2     2    -5   -12     7    -1    -7     3     9     1    -2     8    -3     1]
 [    5   -13     0    -3    -2    -1    -5    -4     3     1    -2    -1    -4    -3    -4     2]
 [   -5   -16     5     5     8    -1     3     1    -3    -4    -6    -6   -11    -8    -1    -5]
 [   -5    -7     3    -7     4    -4     5     4     3    13     0   -16     9    -1   -11   -10]
 [    6     1     4    -6     9     5     2    12    -2    -2     8    -4     8    -6   -11    -5]
 [    3    -8    -4    -5    -2    -1    -1     4    -7    -2    13   -11    14    12    -2     0]
 [    7     6    10    -4    -5    -1    -8    -4     4     0     7   -13    16     8   -14   -10]
 [   -1    -2    -2    -7     1     2    -4     5    -1   -14     5     4     1   -10    -5     0]]

[3] 오차(베릴로그-매트랩)
[[    0    -1     0     0     0     0     0     0     0     0     0     0     0     0     0     0]
 [    0     0     0     0     0     0     0     0     0     0     0     0     0     0     0     0]
 [    0     0     0     0     0     0     0     0     0     0     0     0     0     0     0     0]
 [    0     0     0     0     0     0     0     0     0     0     0     0     0     0     0     0]
 [    0     0     0     0     0     0     0     0     0     0     0     0     0     0     0     0]
 [    0     0     0     0     0     0     0     0     0     0     0     0     0     0     0     0]
 [    0     0     0     0     0     0     0     0     0     0     0     0     0     0     0     0]
 [    0     0     0     0     0     0     0     0     0     0     0     0     0     0     0     0]
 [    0     0     0     0     0     0     0     0     0     0     0     0     0     0     0     0]
 [    0     0     0     0     0     0     0     0     0     0     0     0     0     0     0     0]
 [    0     0     0     0     0     0     0     0     0     0     0     0     0     0     0     0]
 [    0     0     0     0     0     0     0     0     0     0     0     0     0     0     0     0]
 [    0     0     0     0     0     0     0     0     0     0     0     0     0     0     0     0]
 [    0     0     0     0     0     0     0     0     0     0     0     0     0     0     0     0]
 [    0     0     0     0     0     0     0     0     0     0     0     0     0     0     0     0]
 [    0     0     0     0     0     0     0     0     0     0     0     0     0     0     0     0]]
